33.142567 35.392120
33.143351 35.392645
33.144952 35.391502
33.145203 35.391905
33.145914 35.391835
33.153160 35.391238
33.151780 35.385866
33.150110 35.385332
33.145593 35.385075
33.145106 35.383184
33.144891 35.382642
33.144810 35.387680
33.144326 35.386890
33.143675 35.375465
33.143300 35.373953
33.147600 35.374470
33.141850 35.373756
33.135693 35.374071
33.135166 35.372651
33.135306 35.372532
33.135864 35.372639
33.135939 35.372369
33.134575 35.376240
33.134183 35.374870
33.133555 35.365820
33.132798 35.365295
33.133069 35.364729
33.133621 35.364612
33.135965 35.364348
33.141468 35.363258
33.141318 35.355348
33.141664 35.354786
33.143934 35.354614
33.144114 35.354155
33.143948 35.345763
33.143272 35.345072
33.142748 35.344398
33.142429 35.343771
33.141352 35.343384
33.141045 35.343108
33.141970 35.341768
33.145780 35.344450
33.134630 35.335692
33.134691 35.334568
33.133961 35.334600
33.132318 35.334682
33.139350 35.334986
33.124788 35.333247
33.122761 35.333691
33.122240 35.333183
33.122170 35.333453
33.115708 35.333193
33.117610 35.333119
33.104651 35.332265
33.107380 35.332543
33.102300 35.332074
33.094250 35.332275
33.093828 35.331961
33.093055 35.332305
33.092313 35.331812
33.098870 35.332347
33.094070 35.332121
33.085345 35.332445
33.083699 35.332284
33.082915 35.331915
33.082373 35.332850
33.082751 35.333697
33.081859 35.334388
33.084060 35.333984
33.075619 35.334517
33.074952 35.334218
33.073752 35.334869
33.072870 35.334557
33.072080 35.335020
33.071823 35.334036
33.072028 35.333828
33.071824 35.333569
33.072000 35.333292
33.071562 35.333236
33.073180 35.331245
33.073640 35.325945
33.065605 35.331014
33.065214 35.332180
33.065038 35.336150
33.065631 35.332191
33.065309 35.332363
33.063227 35.332702
33.061949 35.332489
33.055196 35.332424
33.054051 35.331039
33.053244 35.332937
33.053682 35.333267
33.053575 35.334219
33.052917 35.333915
33.052218 35.334202
33.051530 35.337170
33.045897 35.324266
33.045020 35.325755
33.043280 35.324835
33.042440 35.325745
33.043880 35.324492
33.034188 35.324195
33.033105 35.325062
33.031785 35.323565
33.032606 35.322358
33.031651 35.321244
33.033155 35.315635
33.034065 35.314019
33.048450 35.311901
33.041458 35.311105
33.042228 35.317880
33.042499 35.305886
33.043163 35.305237
33.043533 35.304089
33.042829 35.301284
33.042015 35.295392
33.042227 35.293404
33.042913 35.292843
33.043345 35.291607
33.043651 35.285372
33.041272 35.284046
33.034344 35.287530
33.032888 35.282860
33.031949 35.274930
33.031904 35.273203
33.033058 35.274930
33.031120 35.263203
33.024658 35.262272
33.021468 35.254252
33.021440 35.253640
33.011373 35.241872
33.013370 35.235485
33.004247 35.233535
32.595798 35.245800
33.001093 35.241053
32.595903 35.242326
32.595827 35.244799
32.594530 35.245947
32.592593 35.243428
32.594020 35.245383
32.584712 35.245121
32.583666 35.251295
32.584204 35.252066
32.583411 35.252704
32.583051 35.254367
32.582149 35.255516
32.583045 35.261394
32.584301 35.261609
32.584596 35.263396
32.583492 35.283090
32.582050 35.282011
32.581656 35.282861
32.572657 35.284340
32.562990 35.282448
32.561154 35.283463
32.555355 35.283842
32.553919 35.282987
32.552379 35.281790
32.551764 35.282808
32.559390 35.283021
32.544708 35.284846
32.544168 35.295990
32.542867 35.293443
32.548890 35.293991
32.534729 35.295816
32.533221 35.295257
32.531980 35.301163
32.524460 35.309750
32.515395 35.302018
32.515041 35.303743
32.513931 35.305017
32.512150 35.304380
32.505903 35.303384
32.505479 35.303002
32.504065 35.303847
32.501134 35.303699
32.502010 35.304049
32.501770 35.302084
32.495112 35.301919
32.494253 35.294695
32.492740 35.292206
32.492993 35.293610
32.492308 35.293520
32.492973 35.304170
32.492276 35.300570
32.485851 35.302932
32.482747 35.303245
32.481581 35.302215
32.488950 35.302647
32.474477 35.302385
32.474207 35.301608
32.474023 35.302276
32.472409 35.302828
32.472604 35.304124
32.472268 35.304576
32.472586 35.305961
32.464899 35.312469
32.464275 35.312647
32.464215 35.311856
32.463076 35.312013
32.462570 35.314336
32.461470 35.323060
32.455991 35.321278
32.454571 35.323316
32.450540 35.324921
32.445838 35.325765
32.444986 35.334460
32.442568 35.332750
32.442079 35.339720
32.441489 35.336130
32.446810 35.331543
32.441950 35.331345
32.443010 35.331776
32.435174 35.332006
32.434812 35.331394
32.434461 35.331769
32.434533 35.332737
32.434077 35.333096
32.433993 35.335327
32.431950 35.335818
32.431358 35.341152
32.423664 35.341280
32.423605 35.344730
32.429150 35.335956
32.429930 35.334643
32.414688 35.332296
32.413169 35.332348
32.414570 35.322690
32.412783 35.315747
32.411582 35.315689
32.405273 35.314744
32.404892 35.315445
32.403405 35.314143
32.401320 35.314316
32.401595 35.313580
32.403536 35.311165
32.403480 35.304505
32.402249 35.303744
32.402618 35.302775
32.401864 35.302540
32.401298 35.306290
32.407560 35.295368
32.393439 35.304550
32.392875 35.301390
32.397000 35.301636
32.391308 35.285814
32.392515 35.282885
32.392136 35.282708
32.392413 35.282202
32.391380 35.286910
32.391701 35.275737
32.391399 35.275325
32.391965 35.273385
32.391299 35.271837
32.392292 35.275960
32.391881 35.265517
32.392600 35.263162
32.393757 35.262302
32.394888 35.255952
32.394507 35.254547
32.395391 35.254081
32.395820 35.252194
32.408250 35.255610
32.401481 35.256160
32.404312 35.244646
32.404085 35.244051
32.405317 35.243443
32.411088 35.233927
32.411090 35.232591
32.411182 35.231225
32.411868 35.238500
32.412518 35.232413
32.412869 35.231911
32.412962 35.235260
32.413981 35.235850
32.413993 35.231464
32.421052 35.234800
32.421794 35.231453
32.425677 35.222729
32.425224 35.221615
32.424326 35.221890
32.422261 35.225120
32.421957 35.220230
32.422733 35.213437
32.422006 35.213255
32.421565 35.212460
32.415543 35.212115
32.415074 35.216240
32.426250 35.211184
32.427780 35.215160
32.421873 35.213020
32.422118 35.204901
32.423224 35.204991
32.431349 35.203289
32.431941 35.202299
32.432381 35.203778
32.433718 35.203815
32.434574 35.201780
32.435595 35.202190
32.440510 35.194545
32.435655 35.194110
32.444610 35.193182
32.442001 35.192373
32.442367 35.185478
32.443874 35.183328
32.451710 35.181299
32.445368 35.174724
32.445855 35.174202
32.454950 35.174149
32.452109 35.172441
32.452214 35.174240
32.453201 35.165541
32.452641 35.164012
32.452005 35.162552
32.453204 35.155602
32.453008 35.152559
32.453722 35.151373
32.454103 35.143104
32.453526 35.143690
32.454302 35.135362
32.453757 35.134244
32.455111 35.132066
32.454500 35.131221
32.454500 35.125530
32.455004 35.124900
32.455140 35.124143
32.454851 35.127390
32.455841 35.114903
32.454971 35.112817
32.452841 35.111987
32.452948 35.116390
32.452402 35.112820
32.451659 35.112590
32.451765 35.103651
32.452872 35.103055
32.453875 35.101037
32.455760 35.095273
32.455226 35.091385
32.464590 35.097200
32.462430 35.083354
32.453948 35.083010
32.451817 35.081106
32.445460 35.075291
32.442892 35.075436
32.442801 35.074933
32.442389 35.075183
32.441583 35.073635
32.449270 35.073348
32.444550 35.071858
32.446060 35.074870
32.442112 35.065875
32.443330 35.072150
32.442887 35.065029
32.443460 35.062597
32.442260 35.055737
32.444429 35.053160
32.451460 35.052801
32.445246 35.044803
32.443813 35.043403
32.444224 35.042519
32.443373 35.041875
32.442734 35.042164
32.441940 35.049400
32.441682 35.035773
32.449210 35.046920
32.446930 35.041170
32.441375 35.033938
32.443427 35.033754
32.443350 35.032582
32.442847 35.032061
32.441174 35.031491
32.444130 35.032330
32.435515 35.031041
32.434391 35.037740
32.434481 35.031980
32.433400 35.025751
32.432762 35.024692
32.431970 35.024709
32.425501 35.021042
32.425682 35.020900
32.423250 35.013918
32.422763 35.013631
32.422993 35.013250
32.425355 35.005954
32.425172 35.005720
32.424731 35.005902
32.424639 35.005023
32.434140 35.002588
32.436690 34.595746
32.425738 34.594435
32.424356 34.594546
32.424548 34.591558
32.424180 34.594800
32.424938 34.583974
32.423506 34.582396
32.423355 34.582919
32.423415 34.583909
32.422978 34.584540
32.422675 34.585781
32.422263 34.585763
32.421825 34.591440
32.421351 34.585765
32.428050 34.585697
32.421031 34.584741
32.425890 34.584366
32.425260 34.583932
32.415843 34.583289
32.415464 34.583486
32.415326 34.582929
32.414852 34.582481
32.413513 34.582070
32.413178 34.581407
32.412554 34.589020
32.411963 34.581211
32.411566 34.586050
32.416210 34.586080
32.411500 34.583210
32.404751 34.583790
32.404416 34.575804
32.402850 34.575375
32.401519 34.575398
32.404360 34.575869
32.394244 34.575499
32.393456 34.575789
32.392725 34.575518
32.391891 34.575931
32.391416 34.575341
32.385870 34.582050
32.385643 34.582005
32.395620 34.583856
32.385040 34.584148
32.383383 34.583719
32.384035 34.583126
32.383716 34.582855
32.382272 34.583219
32.389980 34.583994
32.382350 34.583834
32.382520 34.584406
32.374882 34.584448
32.374591 34.583083
32.373864 34.583587
32.373319 34.583535
32.372823 34.582244
32.371756 34.582726
32.377100 34.582529
32.363210 34.583605
32.362356 34.583385
32.361643 34.582374
32.366700 34.583190
32.355769 34.582157
32.355197 34.581487
32.354388 34.575553
32.352250 34.574692
32.358980 34.575451
32.357810 34.588780
32.345737 34.582630
32.345434 34.582676
32.344869 34.584357
32.332352 34.580660
32.331924 34.582630
32.331163 34.575817
32.335250 34.586310
32.325526 34.575315
32.324623 34.574785
32.325121 34.573944
32.324148 34.572966
32.337480 34.563834
32.324589 34.562384
32.324184 34.561009
32.322950 34.561013
32.321624 34.564040
32.321290 34.565430
32.329590 34.562910
32.315254 34.561783
32.314968 34.561699
32.315387 34.553356
32.314836 34.552071
32.315546 34.556120
32.315519 34.551060
32.323980 34.545513
32.327900 34.544079
32.321454 34.546660
32.312329 34.535703
32.311498 34.535847
32.301921 34.533097
32.301734 34.533657
32.306690 34.533595
32.294723 34.533135
32.293188 34.535768
32.292473 34.535464
32.292071 34.534516
32.292920 34.534441
32.290040 34.533546
32.283544 34.533666
32.282054 34.535207
32.275137 34.534267
32.274773 34.531611
32.264630 34.525868
32.264444 34.536800
32.263309 34.531132
32.263192 34.532477
32.261699 34.532761
32.262447 34.548430
32.261710 34.535583
32.269720 34.535195
32.267100 34.535559
32.254077 34.535484
32.251558 34.534406
32.251246 34.533037
32.245987 34.531977
32.245114 34.534361
32.243643 34.534282
32.244205 34.531788
32.233562 34.531338
32.233341 34.524771
32.232959 34.523961
32.233315 34.523570
32.232434 34.523321
32.232124 34.522706
32.233853 34.528550
32.233850 34.515765
32.225177 34.514019
32.194820 34.510480
32.187210 34.502836
32.175822 34.503791
32.173540 34.502933
32.171239 34.503053
32.165945 34.502393
32.164491 34.501940
32.161428 34.495844
32.104504 34.486970
32.072633 34.470750
32.072277 34.473020
32.072422 34.479990
32.072142 34.472534
32.062827 34.471525
32.061451 34.471699
32.068720 34.465360
32.055687 34.465423
32.055470 34.464585
32.054830 34.464535
32.061360 34.475454
32.055977 34.482636
32.055218 34.482803
32.054705 34.484674
32.055704 34.485532
32.055564 34.493140
32.054972 34.491068
32.055899 34.491762
32.064430 34.491367
32.061134 34.492089
32.061656 34.491949
32.062873 34.494061
32.062446 34.494372
32.062145 34.507720
32.063145 34.503133
32.062729 34.505339
32.063204 34.517030
32.062686 34.511204
32.063158 34.511512
32.063066 34.512317
32.063826 34.512455
32.064397 34.513513
32.070600 34.513980
32.073950 34.515123
32.071871 34.521470
32.071964 34.515422
32.072509 34.515561
32.072062 34.528710
32.072820 34.523120
32.073632 34.521564
32.072187 34.522881
32.072376 34.523186
32.072899 34.523157
32.072781 34.523852
32.073711 34.524604
32.073781 34.525271
32.073312 34.531169
32.072912 34.532200
32.073296 34.533985
32.073394 34.535186
32.072613 34.535967
32.073090 34.541304
32.072713 34.542450
32.073711 34.542809
32.073447 34.543825
32.071557 34.543625
32.071626 34.542564
32.071129 34.542455
32.079170 34.543322
32.064099 34.544636
32.062765 34.562230
32.069860 34.561180
32.066480 34.554585
32.052097 34.553314
32.057490 34.555969
32.043502 34.555586
32.033008 34.566120
32.032807 34.562423
32.025111 34.564462
32.023786 34.565834
32.024129 34.574038
32.023089 34.575157
32.024110 34.575553
32.014493 34.575863
32.013517 34.574978
32.012477 34.580930
32.011929 34.575984
32.012025 34.575344
32.004942 34.574430
32.003548 34.575272
32.001386 34.574108
31.595823 34.574642
31.591838 34.574207
31.591694 34.573370
31.593250 34.573903
31.584570 34.574856
31.581085 34.573807
31.574898 34.571250
31.571587 34.573403
31.575660 34.572404
31.576520 34.571863
31.551230 34.565847
31.544416 34.571747
31.548770 34.570060
31.546150 34.575050
31.534240 34.564012
31.533723 34.571016
31.533631 34.571853
31.532681 34.572716
31.532327 34.572298
31.537150 34.573083
31.532370 34.573031
31.524627 34.574534
31.523657 34.574955
31.524014 34.585100
31.526050 34.583856
31.524380 34.585218
31.514945 34.585306
31.513924 34.584559
31.504657 34.585907
31.503560 34.584019
31.502921 34.584188
31.502663 34.585383
31.502900 34.585808
31.495295 34.595020
31.495365 34.585753
31.493867 34.585007
31.492039 34.584928
31.491044 34.585623
31.485806 34.585360
31.484007 34.584824
31.483159 34.594050
31.485559 34.594934
31.482811 35.001610
31.484187 35.001325
31.484569 35.002910
31.482795 35.012354
31.483534 35.013604
31.481283 35.015330
31.474892 35.025223
31.473446 35.024439
31.465977 35.028460
31.463982 35.015793
31.464888 35.021794
31.473790 35.022897
31.471341 35.034897
31.475100 35.035563
31.471151 35.041740
31.479140 35.049230
31.471889 35.041367
31.472744 35.042700
31.471869 35.044256
31.474338 35.045525
31.474343 35.054334
31.472516 35.055112
31.473752 35.062748
31.474850 35.064930
31.463823 35.065868
31.463612 35.074227
31.462612 35.074479
31.461813 35.074031
31.461350 35.074792
31.461914 35.074829
31.461916 35.086150
31.454348 35.081907
31.452790 35.081475
31.444605 35.073576
31.443756 35.071343
31.448340 35.077450
31.449010 35.065484
31.435077 35.071620
31.441560 35.071251
31.433402 35.072250
31.434808 35.062539
31.434628 35.063010
31.433817 35.054388
31.433767 35.052306
31.432961 35.052030
31.432003 35.041616
31.432526 35.041395
31.432572 35.035393
31.433306 35.035198
31.433331 35.034586
31.424428 35.024893
31.421952 35.015150
31.413893 35.003805
31.414128 35.002555
31.412678 35.001058
31.412724 34.595532
31.413171 34.595117
31.414349 34.584981
31.413302 34.584376
31.414148 34.581550
31.428020 34.575229
31.424350 34.564794
31.415412 34.562936
31.422400 34.561244
31.412912 34.555670
31.413970 34.563990
31.405993 34.555815
31.413460 34.553958
31.403903 34.554880
31.401640 34.552143
31.384732 34.555870
31.382890 34.543550
31.374536 34.544998
31.375400 34.541015
31.378890 34.535045
31.375110 34.533236
31.365013 34.532661
31.364601 34.531562
31.362473 34.533482
31.361904 34.532118
31.361540 34.532124
31.354209 34.534650
31.354046 34.531604
31.352695 34.532633
31.354170 34.532030
31.345180 34.524181
31.344038 34.523074
31.343986 34.522050
31.344765 34.527690
31.344312 34.521070
31.344549 34.514942
31.343189 34.512728
31.343067 34.519010
31.341547 34.517130
31.346480 34.505773
31.335721 34.512770
31.334700 34.505587
31.332943 34.505510
31.330470 34.503334
31.325239 34.503504
31.327030 34.501080
31.322356 34.494829
31.322394 34.492502
31.321687 34.481522
31.321111 34.475003
31.321489 34.474448
31.321530 34.472977
31.322943 34.474230
31.322963 34.465396
31.323436 34.465117
31.323483 34.464673
31.324195 34.465003
31.324335 34.464142
31.324334 34.463812
31.325091 34.462975
31.324973 34.462865
31.325347 34.462117
31.325536 34.461255
31.325174 34.455930
31.321963 34.455786
31.322157 34.454724
31.315725 34.451024
31.315592 34.443477
31.314955 34.442460
31.314288 34.442020
31.312721 34.442358
31.311796 34.442279
31.318730 34.443087
31.303771 34.444407
31.301705 34.444250
31.300980 34.445171
31.302990 34.451580
31.293805 34.451509
31.293457 34.453258
31.304060 34.455233
31.295553 34.455457
31.293794 34.464398
31.291251 34.463467
31.284768 34.462758
31.282990 34.463123
31.281377 34.463214
31.288070 34.463576
31.273983 34.462926
31.274131 34.464229
31.272003 34.465761
31.273950 34.465685
31.265496 34.476590
31.264876 34.465859
31.264142 34.476650
31.262910 34.472010
31.264950 34.471427
31.252640 34.473164
31.252529 34.474739
31.252173 34.475324
31.252237 34.485185
31.251671 34.485933
31.251392 34.491982
31.254000 34.492513
31.254020 34.493179
31.245290 34.494675
31.244012 34.495290
31.244277 34.509470
31.243575 34.502937
31.241802 34.504992
31.242312 34.512700
31.241343 34.514669
31.232814 34.513660
31.235310 34.512037
31.224415 34.511436
31.223831 34.513652
31.224924 34.514507
31.224229 34.515887
31.222755 34.528610
31.222779 34.521497
31.221335 34.522857
31.222809 34.524263
31.222386 34.525067
31.222700 34.531219
31.222296 34.531856
31.228520 34.532444
31.224920 34.531033
31.220410 34.531421
31.224760 34.533690
31.213569 34.540040
31.211964 34.542249
31.210430 34.542751
31.205761 34.544496
31.203727 34.556550
31.203303 34.552457
31.201716 34.554561
31.202550 34.555607
31.202386 34.563830
31.201174 34.555777
31.208250 34.562377
31.201252 34.562928
31.209010 34.564367
31.201493 34.564808
31.201472 34.570260
31.202091 34.571019
31.202188 34.572013
31.203190 34.575022
31.204331 34.575405
31.203788 34.581120
31.202697 34.581040
31.202441 34.584521
31.203488 34.585377
31.204467 34.592057
31.205463 34.591918
31.215410 35.003683
31.216170 35.013950
31.204014 35.011369
31.204610 35.014712
31.204328 35.015209
31.204777 35.015650
31.204307 35.021240
31.203478 35.021756
31.201106 35.022812
31.201489 35.025297
31.205870 35.033500
31.206380 35.032147
31.203790 35.035075
31.209020 35.035320
31.201261 35.047300
31.202187 35.041807
31.201902 35.042693
31.203021 35.044019
31.203993 35.045013
31.203949 35.051006
31.203405 35.051836
31.204592 35.054789
31.203100 35.061180
31.201249 35.062040
31.195358 35.054598
31.192787 35.051428
31.183877 35.053830
31.188430 35.045642
31.172133 35.061358
31.171968 35.062769
31.165953 35.063629
31.164202 35.071718
31.163823 35.071858
31.163554 35.072890
31.161664 35.081194
31.154088 35.085392
31.154326 35.092374
31.152914 35.093044
31.153532 35.095391
31.152156 35.102321
31.152134 35.102846
31.152988 35.103371
31.153225 35.103950
31.153085 35.105000
31.153465 35.105582
31.154082 35.105801
31.154456 35.111870
31.154245 35.114060
31.154313 35.116560
31.153937 35.111208
31.154314 35.112670
31.154625 35.113362
31.155122 35.113445
31.155051 35.114303
31.154220 35.115464
31.155074 35.121312
31.154577 35.122113
31.151655 35.124026
31.144434 35.125281
31.144242 35.134970
31.143129 35.132621
31.141823 35.135440
31.141488 35.142395
31.141179 35.142754
31.141309 35.143529
31.141660 35.142561
31.135433 35.141095
31.135456 35.134831
31.133962 35.134140
31.133417 35.132401
31.133937 35.131950
31.132628 35.123954
31.139890 35.121884
31.130400 35.122080
31.125544 35.123180
31.124664 35.123017
31.123336 35.123320
31.122196 35.122715
31.121365 35.121582
31.115939 35.121692
31.115423 35.129740
31.114520 35.121223
31.113640 35.115871
31.114046 35.115263
31.112906 35.114160
31.112361 35.113443
31.111861 35.113911
31.111150 35.112945
31.115780 35.111759
31.105305 35.111041
31.104379 35.114040
31.103714 35.116530
31.103172 35.110750
31.101483 35.105524
31.107720 35.105604
31.101058 35.119030
31.106520 35.111096
31.095419 35.113195
31.094711 35.114604
31.094165 35.114245
31.093428 35.114574
31.093500 35.121480
31.092552 35.127260
31.091010 35.122437
31.085588 35.124343
31.085396 35.130760
31.084321 35.132292
31.082763 35.131541
31.081555 35.132315
31.081291 35.134130
31.075109 35.148630
31.072956 35.142821
31.072101 35.152140
31.065873 35.159410
31.064286 35.157100
31.062292 35.145276
31.055585 35.143011
31.052680 35.134569
31.045193 35.133716
31.044628 35.132886
31.035052 35.135450
31.030260 35.135422
31.024340 35.143310
31.023070 35.149630
31.013959 35.143022
31.011765 35.144680
31.011242 35.134594
31.005652 35.133629
31.004606 35.132637
31.003278 35.132222
31.002307 35.132720
30.595515 35.139820
30.594690 35.125523
30.583767 35.123345
30.574663 35.123070
30.573436 35.123816
30.571179 35.124649
30.579870 35.128700
30.565067 35.111641
30.565213 35.103139
30.575890 35.101153
30.573020 35.094979
30.565233 35.093683
30.565519 35.092282
30.564616 35.092365
30.563788 35.092008
30.563311 35.093025
30.561863 35.092943
30.568260 35.099170
30.555844 35.083437
30.555843 35.081648
30.554966 35.081234
30.555010 35.075916
30.554416 35.075502
30.554369 35.073272
30.553157 35.072365
30.553415 35.065616
30.551825 35.062420
30.552511 35.062720
30.552341 35.054645
30.553383 35.051122
30.555638 35.045552
30.555757 35.044478
30.563250 35.043762
30.555304 35.042275
30.554732 35.042167
30.554589 35.041614
30.553900 35.041449
30.555301 35.042380
30.555063 35.035330
30.564370 35.032985
30.555722 35.031721
30.555698 35.036470
30.568110 35.031220
30.561948 35.024247
30.562137 35.022292
30.563316 35.020640
30.563622 35.014492
30.564547 35.014407
30.564760 35.013250
30.555448 35.011031
30.555261 35.011694
30.552933 35.012384
30.552198 35.011550
30.551504 35.003457
30.554360 35.001478
30.544907 34.592280
30.542227 34.583640
30.545420 34.582213
30.535966 34.575571
30.534729 34.573978
30.533610 34.571503
30.533988 34.575950
30.533986 34.564091
30.533104 34.563212
30.531912 34.555748
30.531031 34.553992
30.531361 34.553110
30.537200 34.552698
30.525649 34.551492
30.524560 34.552155
30.523659 34.551773
30.523374 34.552215
30.522565 34.551969
30.522096 34.552602
30.522430 34.551810
30.514943 34.554099
30.513242 34.555752
30.511269 34.554712
30.505083 34.554443
30.503754 34.554007
30.502830 34.554751
30.501217 34.553548
30.504540 34.552064
30.512174 34.541906
30.512910 34.532740
30.502717 34.523965
30.502009 34.523802
30.501084 34.524137
30.502950 34.522679
30.505510 34.520930
30.504180 34.511582
30.502183 34.502243
30.501111 34.501175
30.501327 34.495244
30.502033 34.494695
30.505120 34.494235
30.495491 34.492835
30.494168 34.493363
30.492866 34.494441
30.491486 34.493540
30.497450 34.492030
30.491195 34.491562
30.491119 34.491590
30.485910 34.484869
30.485057 34.485012
30.484676 34.484683
30.483328 34.485708
30.481923 34.485025
30.481264 34.485908
30.475767 34.485967
30.474275 34.484502
30.472825 34.484937
30.473277 34.492520
30.473594 34.491958
30.475140 34.494013
30.474298 34.502414
30.472675 34.503514
30.473621 34.504989
30.472758 34.515080
30.471810 34.505579
30.471360 34.504773
30.465621 34.505410
30.465256 34.504708
30.464592 34.515950
30.462061 34.513737
30.454260 34.515424
30.451261 34.522326
30.452470 34.524615
30.449820 34.533212
30.435188 34.533959
30.434506 34.535175
30.433430 34.535761
30.433338 34.535408
30.432745 34.535992
30.433398 34.543060
30.434514 34.542314
30.435215 34.542187
30.441010 34.543271
30.435253 34.544807
30.433259 34.544355
30.433153 34.545096
30.432367 34.553120
30.431606 34.551250
30.436040 34.551990
30.430770 34.552942
30.423659 34.553479
30.422669 34.553482
30.421501 34.553978
30.421590 34.553790
30.421000 34.553561
30.415597 34.553597
30.412293 34.552727
30.411973 34.552183
30.412262 34.551848
30.412195 34.551085
30.412473 34.556150
30.412151 34.553870
30.412761 34.545945
30.413807 34.544849
30.414018 34.543262
30.412448 34.542741
30.411553 34.543165
30.413150 34.541692
30.413130 34.548470
30.403156 34.533953
30.402446 34.534060
30.402031 34.531913
30.401193 34.531615
30.406840 34.525472
30.395968 34.524911
30.395036 34.522311
30.394726 34.523770
30.394037 34.515077
30.394051 34.514145
30.393546 34.513651
30.393044 34.513003
30.393117 34.512233
30.392170 34.512600
30.391683 34.515250
30.391512 34.505700
30.395520 34.504877
30.384719 34.501943
30.384063 34.509800
30.382611 34.494327
30.381363 34.494088
30.373625 34.485788
30.370400 34.482608
30.364624 34.481341
30.363392 34.482123
30.362233 34.481111
30.361486 34.480930
30.361000 34.484100
30.361548 34.481095
30.367630 34.482258
30.355836 34.482878
30.360370 34.483740
30.365830 34.483982
30.361060 34.484825
30.361167 34.485860
30.354787 34.492122
30.353598 34.495291
30.352221 34.501613
30.351205 34.502885
30.345719 34.504246
30.343817 34.504482
30.342438 34.505189
30.342110 34.511457
30.341684 34.512231
30.341456 34.512007
30.341197 34.512428
30.344380 34.512551
30.335061 34.515055
30.343224 34.524069
30.344322 34.524223
30.353660 34.530630
30.356750 34.532783
30.351144 34.533521
30.351148 34.534876
30.351528 34.535137
30.352235 34.541210
30.352984 34.542229
30.353570 34.545955
30.352094 34.554840
30.354802 34.561070
30.354681 34.561549
30.353147 34.562360
30.352952 34.563678
30.354032 34.564606
30.355235 34.564096
30.361599 34.571006
30.362297 34.572889
30.361938 34.575296
30.362365 34.575964
30.362383 34.588610
30.364686 34.584669
30.364979 34.591026
30.364965 34.592134
30.364786 34.593910
30.364526 34.594211
30.363815 34.595726
30.363893 35.002188
30.364479 35.004819
30.365011 35.004488
30.364798 35.005629
30.365669 35.012304
30.372148 35.013302
30.372407 35.012686
30.374508 35.014931
30.375255 35.015125
30.375361 35.025480
30.375895 35.021358
30.375653 35.023116
30.383400 35.024590
30.375811 35.031442
30.384680 35.032233
30.382730 35.034625
30.381140 35.034819
30.383509 35.032987
30.385234 35.047470
30.385236 35.042385
30.384292 35.043088
30.383685 35.043652
30.381979 35.042862
30.382147 35.042228
30.381461 35.041173
30.375276 35.044575
30.380980 35.051807
30.381136 35.054690
30.382342 35.065020
30.381630 35.062895
30.375790 35.063828
30.375319 35.064760
30.373508 35.065626
30.372902 35.075760
30.371231 35.072564
30.375750 35.073180
30.375760 35.074359
30.365560 35.075415
30.365529 35.081315
30.365438 35.082246
30.363370 35.082371
30.363735 35.083952
30.364283 35.084218
30.364313 35.084777
30.365762 35.095900
30.372350 35.094547
30.365550 35.095478
30.365567 35.101554
30.364820 35.102734
30.363742 35.102452
30.363057 35.103068
30.355453 35.103791
30.352640 35.102737
30.351819 35.102771
30.351430 35.101225
30.343178 35.105920
30.342541 35.095748
30.342066 35.092938
30.341140 35.092394
30.335118 35.094050
30.333673 35.093540
30.331133 35.093418
30.337990 35.093805
30.330970 35.093824
30.325338 35.094578
30.324305 35.094316
30.322967 35.094910
30.322480 35.094891
30.322236 35.093721
30.328200 35.093264
30.315466 35.092192
30.314586 35.092087
30.312256 35.084638
30.311480 35.084623
30.305914 35.083533
30.304956 35.083571
30.304254 35.083043
30.303222 35.083182
30.305740 35.081324
30.293894 35.074975
30.292893 35.073689
30.292784 35.071968
30.285252 35.064511
30.284402 35.065127
30.283762 35.065109
30.283519 35.065566
30.282700 35.065601
30.281816 35.064196
30.287210 35.063830
30.285840 35.062739
30.275139 35.062197
30.274805 35.062793
30.274285 35.062618
30.274223 35.061654
30.272887 35.064640
30.272778 35.054638
30.271895 35.054358
30.279990 35.054922
30.265187 35.054886
30.264461 35.064840
30.262621 35.061696
30.261893 35.061663
30.261222 35.062822
30.255657 35.062719
30.255231 35.062914
30.254835 35.062386
30.252510 35.063442
30.251735 35.064057
30.251612 35.064672
30.252160 35.065460
30.245834 35.072700
30.244178 35.071324
30.243006 35.071130
30.242535 35.071464
30.244990 35.079940
30.240640 35.071373
30.235401 35.074000
30.233728 35.065540
30.233070 35.062978
30.224567 35.052743
30.222248 35.042338
30.221546 35.041410
30.222246 35.041280
30.223447 35.042500
30.224007 35.034459
30.224646 35.033948
30.224447 35.033230
30.224719 35.032491
30.222832 35.031738
30.222682 35.031143
30.221585 35.025354
30.223350 35.023057
30.224080 35.021900
30.215995 35.021342
30.220430 35.023570
30.215005 35.015165
30.214353 35.015623
30.214306 35.014709
30.213620 35.013868
30.213846 35.012834
30.213511 35.012625
30.212963 35.013116
30.212127 35.012099
30.219380 35.012225
30.205769 35.011699
30.205101 35.013000
30.204540 35.015790
30.201531 35.026910
30.206630 35.015865
30.191152 35.013333
30.185792 35.003534
30.182778 35.003275
30.182081 35.004013
30.181350 35.003521
30.180420 35.004298
30.173395 35.003600
30.171480 35.004218
30.164903 35.001226
30.165174 35.003270
30.164843 34.595946
30.162656 35.001388
30.153050 35.004677
30.151419 35.004332
30.142296 35.005408
30.134538 35.005135
30.139330 35.004514
30.131100 35.003970
30.114366 35.002517
30.082262 35.003309
30.064450 35.001876
30.043521 35.001433
30.037460 35.003568
30.025187 35.003507
30.025301 35.001682
30.024443 34.595444
30.024510 34.591168
30.018770 34.582672
29.594059 34.583671
29.596510 34.583190
29.585588 34.584136
29.590140 34.584852
29.585545 34.585763
29.585866 34.591281
29.581986 34.585648
29.581297 34.583833
29.574346 34.582650
29.571011 34.586330
29.563696 34.575612
29.564383 34.582124
29.563734 34.584519
29.562441 34.585727
29.562124 34.595140
29.561591 34.594780
29.555952 34.592947
29.554675 34.592774
29.544991 34.595840
29.542558 34.595949
29.541826 34.594732
29.546860 34.595156
29.534661 34.593803
29.533899 34.592530
29.534503 34.595910
29.533332 34.585770
29.532132 34.592460
29.515625 34.583802
29.515744 34.583001
29.515091 34.582965
29.514087 34.582532
29.513129 34.582657
29.512899 34.583216
29.513070 34.584036
29.511334 34.583186
29.513460 34.583066
29.505111 34.582178
29.503768 34.575496
29.502185 34.575149
29.501498 34.573981
29.501418 34.571136
29.509600 34.571033
29.507010 34.571950
29.495527 34.565151
29.495938 34.564648
29.495858 34.563389
29.506320 34.562534
29.505550 34.561189
29.495150 34.554697
29.493401 34.555209
29.492762 34.555822
29.491989 34.555734
29.499250 34.565570
29.493020 34.564390
29.495470 34.561224
29.485590 34.561975
29.485197 34.563127
29.483523 34.564301
29.483561 34.577960
29.484231 34.571334
29.483882 34.572452
29.484280 34.573409
29.483825 34.575033
29.483845 34.589510
29.484088 34.586380
29.485325 34.581961
29.485811 34.583375
29.483400 34.594450
29.482764 34.592350
29.481638 34.593279
29.480550 34.592374
29.474718 34.593006
29.474125 34.591995
29.471967 34.592592
29.471939 34.591657
29.471263 34.591197
29.478500 34.585243
29.464947 34.583312
29.464139 34.583489
29.464153 34.582599
29.463649 34.582060
29.464349 34.581467
29.464802 34.585050
29.462568 34.583360
29.466030 34.574565
29.453608 34.582620
29.452432 34.574244
29.450320 34.574127
29.443951 34.582570
29.442990 34.585910
29.446040 34.581348
29.435343 34.582642
29.433489 34.582524
29.431630 34.575998
29.422997 34.573290
29.420790 34.572795
29.414585 34.578460
29.413457 34.574140
29.412103 34.576440
29.405922 34.564191
29.404396 34.561127
29.404485 34.554512
29.402697 34.552323
29.400970 34.551475
29.395624 34.552019
29.393617 34.552006
29.393284 34.552513
29.392857 34.551975
29.391108 34.552571
29.385864 34.554055
29.385331 34.553867
29.384166 34.555785
29.383740 34.555700
29.383238 34.561370
29.382646 34.555789
29.381991 34.562960
29.381033 34.563840
29.375541 34.555831
29.373627 34.565540
29.372940 34.555909
29.371450 34.561060
29.379320 34.555635
29.371476 34.554589
29.373347 34.553592
29.373663 34.552464
29.365964 34.559700
29.365231 34.551210
29.365291 34.545370
29.367230 34.542964
29.354834 34.542256
29.353757 34.542608
29.353587 34.542085
29.354103 34.541771
29.354042 34.548830
29.354587 34.544620
29.355962 34.532909
29.355109 34.532075
29.354984 34.525002
29.352255 34.524446
29.341609 34.523892
29.335664 34.524337
29.332791 34.530520
29.333860 34.525294
29.325400 34.525959
29.323362 34.534150
29.324429 34.531377
29.322256 34.531324
29.320520 34.532861
29.314639 34.533022
29.314402 34.535581
29.305756 34.543194
29.304418 34.543075
29.304312 34.543529
29.301160 34.542844
29.295983 34.541039
29.293904 34.542037
